# oST version 5.0 parameters


[image]

width
320

height
240

[narrow_stereo/left]

camera matrix
428.912565 0.000000 158.085636
0.000000 427.263266 109.008110
0.000000 0.000000 1.000000

distortion
0.239931 -1.308254 -0.008014 -0.004041 0.000000

rectification
0.972304 0.162887 0.167610
-0.165579 0.986194 0.002113
-0.164951 -0.029807 0.985851

projection
837.656751 0.000000 74.486635 0.000000
0.000000 837.656751 92.121205 0.000000
0.000000 0.000000 1.000000 0.000000

# oST version 5.0 parameters


[image]

width
320

height
240

[narrow_stereo/right]

camera matrix
429.990845 0.000000 180.340427
0.000000 429.416540 68.715647
0.000000 0.000000 1.000000

distortion
0.202980 -0.608892 -0.019762 -0.009551 0.000000

rectification
0.969181 0.162172 0.185439
-0.159148 0.986762 -0.031184
-0.188041 0.000711 0.982161

projection
837.656751 0.000000 74.486635 73.443260
0.000000 837.656751 92.121205 0.000000
0.000000 0.000000 1.000000 0.000000

