image_width: 320
image_height: 240
camera_name: left_camera
camera_matrix:
  rows: 3
  cols: 3
  data: [435.9634612327288, 0, 155.4474366535271, 0, 434.7157610124441, 117.7897343005666, 0, 0, 1]
distortion_model: plumb_bob
distortion_coefficients:
  rows: 1
  cols: 5
  data: [0.2009869171550666, -1.052293901488765, -0.006385619244626668, 0.008327114576642211, 0]
rectification_matrix:
  rows: 3
  cols: 3
  data: [0.9912582609595103, -0.03688802866169141, -0.12667412293354, 0.03513568989442687, 0.9992538088541167, -0.0160408474272113, 0.1271713150642472, 0.01144983982397294, 0.9918146791577725]
projection_matrix:
  rows: 3
  cols: 4
  data: [771.4198333854761, 0, 218.1235065460205, 0, 0, 771.4198333854761, 105.8603582382202, 0, 0, 0, 1, 0]