image_width: 320
image_height: 240
camera_name: left_camera
camera_matrix:
  rows: 3
  cols: 3
  data: [434.4374654030793, 0, 146.2733983059158, 0, 433.3567923216045, 128.5449210797121, 0, 0, 1]
distortion_model: plumb_bob
distortion_coefficients:
  rows: 1
  cols: 5
  data: [0.1983909496395965, -1.0573741708684, 0.0001691602095533438, 0.002191748324946564, 0]
rectification_matrix:
  rows: 3
  cols: 3
  data: [0.9375903760086937, -0.007160894245685771, -0.3476679571221351, 0.001556825505965883, 0.9998643695132133, -0.01639569676129922, 0.3477382105984624, 0.01483118914809626, 0.9374743584323961]
projection_matrix:
  rows: 3
  cols: 4
  data: [665.6430589355609, 0, 323.1943994760513, 0, 0, 665.6430589355609, 119.8168525695801, 0, 0, 0, 1, 0]