image_width: 320
image_height: 240
camera_name: left_camera
camera_matrix:
  rows: 3
  cols: 3
  data: [430.7749532724338, 0, 146.484326139085, 0, 429.0140812706114, 130.4143844591669, 0, 0, 1]
distortion_model: plumb_bob
distortion_coefficients:
  rows: 1
  cols: 5
  data: [0.1717772927721914, -0.8275230673294365, 0.0003164148277658704, -0.001549913687705462, 0]
rectification_matrix:
  rows: 3
  cols: 3
  data: [0.9699509994580865, -0.0704274697235218, -0.2328841560918251, 0.0706002736889673, 0.9974757031634095, -0.007604140563186774, 0.2328318277325977, -0.00906604141862425, 0.9724747538562087]
projection_matrix:
  rows: 3
  cols: 4
  data: [600.4339455518981, 0, 244.4772958755493, 0, 0, 600.4339455518981, 127.8408975601196, 0, 0, 0, 1, 0]