image_width: 320
image_height: 240
camera_name: left_camera
camera_matrix:
  rows: 3
  cols: 3
  data: [435.1381589059387, 0, 144.3709447794785, 0, 434.6423121765473, 120.6753936736353, 0, 0, 1]
distortion_model: plumb_bob
distortion_coefficients:
  rows: 1
  cols: 5
  data: [0.1708359734676086, -0.6998566041083152, -0.00595638583198884, -0.003205822474051226, 0]
rectification_matrix:
  rows: 3
  cols: 3
  data: [0.980571456236374, 0.01559199745626619, -0.1955415782635508, -0.01997443299469494, 0.9995911262428322, -0.02045977426870929, 0.1951426176954102, 0.02396810280163796, 0.980481967609335]
projection_matrix:
  rows: 3
  cols: 4
  data: [654.4251681670889, 0, 238.4878101348877, 0, 0, 654.4251681670889, 114.4858932495117, 0, 0, 0, 1, 0]