image_width: 320
image_height: 240
camera_name: right_camera
camera_matrix:
  rows: 3
  cols: 3
  data: [527.3771777866824, 0, 142.4017546676401, 0, 526.5838761874596, 88.06452623523639, 0, 0, 1]
distortion_model: plumb_bob
distortion_coefficients:
  rows: 1
  cols: 5
  data: [-0.1262939985494944, 0.6131944447765473, -0.003372597847240341, -0.00220710768948313, 0]
rectification_matrix:
  rows: 3
  cols: 3
  data: [0.9886290874539028, -0.03895335636938983, -0.1452417414782086, 0.04095612604974787, 0.9991023205220075, 0.01082353299700032, 0.1446897480095277, -0.01664899862151804, 0.9893369939842742]
projection_matrix:
  rows: 3
  cols: 4
  data: [771.4198333854761, 0, 218.1235065460205, -23.35409091901723, 0, 771.4198333854761, 105.8603582382202, 0, 0, 0, 1, 0]