image_width: 320
image_height: 240
camera_name: right_camera
camera_matrix:
  rows: 3
  cols: 3
  data: [531.312993253837, 0, 141.3274698236663, 0, 531.1065571303124, 107.9316065548059, 0, 0, 1]
distortion_model: plumb_bob
distortion_coefficients:
  rows: 1
  cols: 5
  data: [-0.1234080959303141, 0.5952449256498877, -0.000953068918032721, -0.007643647517592196, 0]
rectification_matrix:
  rows: 3
  cols: 3
  data: [0.9815112986076471, 0.009692835325717786, -0.1911586243120584, -0.005403373303353577, 0.9997220624519141, 0.0229477973634914, 0.1913279233736538, -0.02149062098311202, 0.9812908737715264]
projection_matrix:
  rows: 3
  cols: 4
  data: [654.4251681670889, 0, 238.4878101348877, -19.59484856046331, 0, 654.4251681670889, 114.4858932495117, 0, 0, 0, 1, 0]