image_width: 320
image_height: 240
camera_name: right_camera
camera_matrix:
  rows: 3
  cols: 3
  data: [429.9908452300443, 0, 180.3404269840791, 0, 429.4165396768533, 68.7156466014778, 0, 0, 1]
distortion_model: plumb_bob
distortion_coefficients:
  rows: 1
  cols: 5
  data: [0.202979958059871, -0.6088921339283017, -0.0197615380189403, -0.009551101542788118, 0]
rectification_matrix:
  rows: 3
  cols: 3
  data: [0.9691813772362836, 0.1621723955792531, 0.1854388635924699, -0.1591475138004305, 0.9867621843382056, -0.03118429751068905, -0.1880412903314646, 0.0007111063068368801, 0.9821608663850837]
projection_matrix:
  rows: 3
  cols: 4
  data: [837.6567508691386, 0, 74.48663520812988, 73.44325966562556, 0, 837.6567508691386, 92.12120532989502, 0, 0, 0, 1, 0]