image_width: 320
image_height: 240
camera_name: right_camera
camera_matrix:
  rows: 3
  cols: 3
  data: [522.7748365854032, 0, 142.2674827113349, 0, 521.3880818487582, 107.4740275492982, 0, 0, 1]
distortion_model: plumb_bob
distortion_coefficients:
  rows: 1
  cols: 5
  data: [-0.1785608840973403, 0.9963389432692203, 0.002081150385303608, -0.002075144662067084, 0]
rectification_matrix:
  rows: 3
  cols: 3
  data: [0.9401037765830687, 0.001548270389424185, -0.3408848663596744, 0.003942190932107719, 0.9998734374477498, 0.01541324810270218, 0.3408655869766067, -0.015833885979818, 0.9399786910722346]
projection_matrix:
  rows: 3
  cols: 4
  data: [665.6430589355609, 0, 323.1943994760513, -18.51518486982566, 0, 665.6430589355609, 119.8168525695801, 0, 0, 0, 1, 0]