image_width: 320
image_height: 240
camera_name: right_camera
camera_matrix:
  rows: 3
  cols: 3
  data: [492.0832258938494, 0, 140.5092907420566, 0, 491.1277613298833, 119.5038546586029, 0, 0, 1]
distortion_model: plumb_bob
distortion_coefficients:
  rows: 1
  cols: 5
  data: [-0.1470754988274527, 0.6658763656645255, -0.002259435107266323, 0.001909608777486715, 0]
rectification_matrix:
  rows: 3
  cols: 3
  data: [0.9820195722991656, -0.07165910445769386, -0.1746497419685621, 0.0715298724477348, 0.9974135931291035, -0.00704283954822676, 0.1747027102507994, -0.005576467485119751, 0.9846054367315938]
projection_matrix:
  rows: 3
  cols: 4
  data: [600.4339455518981, 0, 244.4772958755493, -18.39264127620483, 0, 600.4339455518981, 127.8408975601196, 0, 0, 0, 1, 0]