image_width: 320
image_height: 240
camera_name: left
camera_matrix:
  rows: 3
  cols: 3
  data: [428.9125645046025, 0, 158.0856363816262, 0, 427.2632660743325, 109.0081099758485, 0, 0, 1]
distortion_model: plumb_bob
distortion_coefficients:
  rows: 1
  cols: 5
  data: [0.2399305579702691, -1.308254145243299, -0.008014380405168988, -0.004040664672630239, 0]
rectification_matrix:
  rows: 3
  cols: 3
  data: [0.9723038123801289, 0.1628873955739535, 0.1676096440966374, -0.1655787335630655, 0.9861943099158459, 0.002113310497774501, -0.1649514456521023, -0.02980737245620645, 0.9858511759512886]
projection_matrix:
  rows: 3
  cols: 4
  data: [837.6567508691386, 0, 74.48663520812988, 0, 0, 837.6567508691386, 92.12120532989502, 0, 0, 0, 1, 0]